route 0708 0808
route 0708 0609
route 2825 2524
route 2111 2310
route 3102 3101
route 3007 2907
route 1424 1725
route 2916 2716
route 2329 2130
route 2329 2328
route 0220 0219
route 3103 3102
route 0519 0418
route 0519 0516
route 0519 0819
route 1026 0926
route 1026 1325
route 1234 1232
route 1234 1534
route 1607 1408
route 1637 1639
route 1023 1025
route 1023 1123
route 1023 1125
route 2202 2203
route 2202 2104
route 2202 2104
route 0522 0323
route 2206 2008
route 1123 1023
route 1123 1025
route 1702 1704
route 1702 1801
route 3202 3101
route 3202 3103
route 1125 0926
route 1125 1325
route 1125 1127
route 1125 1325
route 2415 2315
route 2815 2818
route 1708 1409
route 1708 2007
route 0819 1020
route 0819 0719
route 1513 1712
route 0133 0432
route 1121 1020
route 1121 1021
route 1121 1123
route 3236 3037
route 3236 3235
route 0631 0731
route 0631 0432
route 0631 0833
route 2915 2914
route 2915 2716
route 2509 2309
route 2509 2309
route 0404 0403
route 0432 0532
route 0432 0231
route 1205 1204
route 1205 1006
route 1205 1207
route 0833 0932
route 1434 1534
route 1025 0926
route 2525 2523
route 0224 0323
route 0808 0810
route 3110 3208
route 0318 0219
route 0620 0520
route 0620 0520
route 1408 1209
route 1319 1119
route 1319 1318
route 2626 2825
route 1632 1534
route 1632 1731
route 1604 1504
route 3101 3102
route 1137 1139
route 1922 2021
route 1131 1130
route 0932 0832
route 1225 1125
route 2327 2128
route 2327 2428
route 0838 0840
route 2224 2023
route 1801 1902
route 2934 3134
route 0810 0911
route 0810 0609
route 0810 0911
route 2134 2333
route 2218 2119
route 2218 2019
route 1615 1616
route 1126 1225
route 1633 1533
route 2826 2825
route 2826 2926
route 1005 1106
route 1504 1604
route 1332 1232
route 0936 1036
route 3010 3110
route 1127 1126
route 0915 1014
route 0839 0940
route 2428 2528
route 2227 2328
route 1509 1608
route 1638 1639
route 2528 2628
border 0101 0201 0301 0401 0501 0601 0701 0801 0901 1001 1002 1003 1104 1204 1305 1306 1307 1407 1408 1409 1410 1311 1312 1313 1314 1214 1115 1015 1016 1017 0917 0817 0717 0616 0615 0515 0415 0315 0314 0213 0114 0113 0112 0111 0110 0109 0108 0107 0106 0105 0104 0103 0102 0101 darkblue
border 0115 0214 0215 0316 0416 0516 0517 0617 0718 0818 0918 1018 1118 1117 1116 1215 1315 1415 1416 1317 1217 1118 1119 1120 1019 0920 0820 0821 0822 0723 0623 0624 0525 0425 0326 0225 0126 0125 0124 0123 0122 0121 0120 0119 0118 0117 0116 0115 green
border 0127 0226 0327 0328 0428 0429 0530 0531 0532 0533 0534 0434 0334 0234 0135 0134 0133 0132 0131 0130 0129 0128 0127 darkred
border 0136 0235 0335 0435 0535 0536 0537 0538 0638 0739 0839 0940 0840 0740 0640 0540 0440 0340 0240 0140 0139 0138 0137 0136 red
border 0426 0526 0625 0725 0724 0823 0923 0922 0921 1020 1121 1220 1219 1218 1318 1417 1418 1519 1619 1620 1721 1821 1921 2021 2022 2023 2024 1925 1926 2026 1927 1928 1929 1829 1729 1628 1529 1429 1330 1230 1131 1132 1032 0932 0831 0731 0630 0629 0529 0528 0427 0426 yellow
border 0631 0732 0832 0933 1033 1133 1232 1231 1331 1430 1530 1531 1631 1632 1533 1433 1334 1234 1235 1336 1337 1338 1339 1340 1240 1140 1040 1039 0939 0838 0738 0637 0636 0635 0634 0633 0632 0631 seagreen
border 1102 1201 1301 1401 1501 1601 1701 1801 1901 2001 2101 2201 2301 2401 2501 2601 2701 2801 2802 2803 2804 2905 2805 2806 2706 2606 2507 2407 2408 2309 2208 2109 2008 1908 1807 1806 1706 1705 1604 1603 1602 1502 1401 1301 1201 1102 darkviolet
border 1103 1202 1302 1402 1503 1504 1505 1605 1606 1707 1708 1808 1909 2009 2110 2209 2310 2409 2509 2508 2607 2707 2807 2808 2709 2710 2711 2811 2812 2813 2714 2614 2515 2516 2416 2317 2318 2319 2219 2220 2221 2322 2222 2223 2123 2122 2121 2020 1920 1820 1720 1719 1618 1518 1517 1516 1515 1414 1413 1412 1411 1511 1510 1509 1508 1507 1406 1405 1404 1304 1203 1103 coral
border 1335 1434 1534 1633 1733 1832 1933 2032 2132 2232 2332 2331 2430 2530 2531 2631 2632 2733 2832 2932 3031 3030 3131 3230 3231 3232 3233 3234 3235 3236 3237 3238 3239 3240 3140 3040 2940 2840 2740 2640 2540 2440 2340 2240 2140 2040 1940 1840 1740 1640 1540 1439 1438 1437 1436 1435 1335 darkslateblue
border 1630 1730 1830 1930 2029 2028 2027 2127 2126 2025 2125 2124 2224 2324 2323 2422 2522 2621 2721 2820 2920 3020 3121 3220 3221 3222 3223 3224 3225 3226 3227 3228 3229 3130 3029 2930 2931 2831 2732 2731 2630 2629 2529 2429 2330 2230 2231 2131 2031 1932 1831 1732 1731 1630 teal
border 2320 2419 2418 2417 2517 2616 2615 2715 2814 2914 2913 3013 3114 3214 3215 3216 3217 3218 3219 3120 3019 2919 2819 2720 2620 2521 2421 2321 2320 feldspar
border 2809 2909 2908 2907 2906 3005 3004 2904 2903 2902 2901 3001 3101 3201 3202 3203 3204 3205 3206 3207 3208 3209 3210 3211 3212 3213 3113 3012 2912 2911 2810 2809 steelblue
region 0101 0201 0301 0401 0501 0601 0701 0801 0901 1001 1002 1003 1104 1204 1305 1306 1307 1407 1408 1409 1410 1311 1312 1313 1314 1214 1115 1015 1016 1017 0917 0817 0717 0616 0615 0515 0415 0315 0314 0213 0114 0113 0112 0111 0110 0109 0108 0107 0106 0105 0104 0103 0102 0101 lightblue
region 0115 0214 0215 0316 0416 0516 0517 0617 0718 0818 0918 1018 1118 1117 1116 1215 1315 1415 1416 1317 1217 1118 1119 1120 1019 0920 0820 0821 0822 0723 0623 0624 0525 0425 0326 0225 0126 0125 0124 0123 0122 0121 0120 0119 0118 0117 0116 0115 lightgreen
region 0127 0226 0327 0328 0428 0429 0530 0531 0532 0533 0534 0434 0334 0234 0135 0134 0133 0132 0131 0130 0129 0128 0127 palevioletred
region 0136 0235 0335 0435 0535 0536 0537 0538 0638 0739 0839 0940 0840 0740 0640 0540 0440 0340 0240 0140 0139 0138 0137 0136 pink
region 0426 0526 0625 0725 0724 0823 0923 0922 0921 1020 1121 1220 1219 1218 1318 1417 1418 1519 1619 1620 1721 1821 1921 2021 2022 2023 2024 1925 1926 2026 1927 1928 1929 1829 1729 1628 1529 1429 1330 1230 1131 1132 1032 0932 0831 0731 0630 0629 0529 0528 0427 0426 lightyellow
region 0631 0732 0832 0933 1033 1133 1232 1231 1331 1430 1530 1531 1631 1632 1533 1433 1334 1234 1235 1336 1337 1338 1339 1340 1240 1140 1040 1039 0939 0838 0738 0637 0636 0635 0634 0633 0632 mediumaquamarine
region 1102 1201 1301 1401 1501 1601 1701 1801 1901 2001 2101 2201 2301 2401 2501 2601 2701 2801 2802 2803 2804 2905 2805 2806 2706 2606 2507 2407 2408 2309 2208 2109 2008 1908 1807 1806 1706 1705 1604 1603 1602 1502 1401 1301 1201 1102 plum
region 1103 1202 1302 1402 1503 1504 1505 1605 1606 1707 1708 1808 1909 2009 2110 2209 2310 2409 2509 2508 2607 2707 2807 2808 2709 2710 2711 2811 2812 2813 2714 2614 2515 2516 2416 2317 2318 2319 2219 2220 2221 2322 2222 2223 2123 2122 2121 2020 1920 1820 1720 1719 1618 1518 1517 1516 1515 1414 1413 1412 1411 1511 1510 1509 1508 1507 1406 1405 1404 1304 1203 1103 lightcoral
region 1335 1434 1534 1633 1733 1832 1933 2032 2132 2232 2332 2331 2430 2530 2531 2631 2632 2733 2832 2932 3031 3030 3131 3230 3231 3232 3233 3234 3235 3236 3237 3238 3239 3240 3140 3040 2940 2840 2740 2640 2540 2440 2340 2240 2140 2040 1940 1840 1740 1640 1540 1439 1438 1437 1436 1435 1335 thistle
region 1630 1730 1830 1930 2029 2028 2027 2127 2126 2025 2125 2124 2224 2324 2323 2422 2522 2621 2721 2820 2920 3020 3121 3220 3221 3222 3223 3224 3225 3226 3227 3228 3229 3130 3029 2930 2931 2831 2732 2731 2630 2629 2529 2429 2330 2230 2231 2131 2031 1932 1831 1732 1731 1630 palegreen
region 2320 2419 2418 2417 2517 2616 2615 2715 2814 2914 2913 3013 3114 3214 3215 3216 3217 3218 3219 3120 3019 2919 2819 2720 2620 2521 2421 2321 2320 peachpuff
region 2809 2909 2908 2907 2906 3005 3004 2904 2903 2902 2901 3001 3101 3201 3202 3203 3204 3205 3206 3207 3208 3209 3210 3211 3212 3213 3113 3012 2912 2911 2810 2809 lightsteelblue
