base N 43 black Navy Base
base D 81 red Navy Depot
base S 86 darkgreen Scout Base
base W 89 darkblue Way Station
label 0423 DARRIAN
label 0423/low,+13 CONFEDERATION
label 1024/left SWORD 
label 1024/left,low,+13 WORLDS
label 1426/low BORDER WORLDS
label 0305/low ZHODANI CONSULATE
label 1101/left,subsec ZHODANI CONSULATE
label 0615/subsec ZHODANI CONSULATE
label 1012/low FEDERATION
label 1013/+13 OF ARDEN
label 1208/low,subsec FEDERATION OF ARDEN
label 2013/large THIRD IMPERIUM
label 2013/large,low,+13 (NORRIS)
label 1316/low,left,large,quad THIRD IMPERIUM
label 1530/left,quad THIRD
label 1530/left,low,+13,quad IMPERIUM
label 2529/large,quad THIRD IMPERIUM
label 1306/subsec THIRD IMPERIUM
label 2109/subsec THIRD IMPERIUM
label 2809/low,subsec THIRD IMPERIUM
label 1416/subsec THIRD IMPERIUM
label 2717/low,subsec THIRD IMPERIUM
label 1530/left,subsec THIRD
label 1530/left,low,+13,subsec IMPERIUM
label 2021/subsec THIRD IMPERIUM
label 2822/subsec THIRD IMPERIUM
label 1636/subsec 3RD
label 1636/low,+13,subsec IMP.
label 1931/subsec THIRD IMPERIUM
label 2937/low,subsec THIRD IMPERIUM
label 0929/low,SECTOR THIRD IMPERIUM
label 0929/low,quad THIRD IMPERIUM
label 0929/low,left,SMALL,subsec THIRD IMPERIUM
label 0335 THIRD IMPERIUM
label 2704 VARGR INVASIONS
label 2339 ASLAN CONQUESTS
a Chronor
b Jewell
c Regina
d Aramis
e Querion
f Vilis
g Lanth
h Rhylanor
i Darrian
j Sword Worlds
k Lunion
l Mora
m Five Sisters
n District 268
o Glisten
p Trin's Veil
color modes
border 0000 0100 0101 0102 0202 0303 0403 0504 0604 0705 0804 0904 1003 1103 1102 1201 1302 1401 1402 1303 1202 1103 1003 0904 0804 0705 0604 0505 0506 0507 0508 0608 0609 0610 0611 0712 0612 0613 0614 0514 0413 0412 0512 0611 0610 0609 0608 0508 0407 0307 0206 0106 0006 0005 0004 0003 0002 0001 0000 darkblue
border 1005 1105 1204 1305 1405 1505 1604 1704 1803 1802 1903 2002 2102 2201 2302 2402 2502 2601 2701 2801 2902 3001 3102 3201 3302 3303 3304 3305 3306 3307 3308 3309 3310 3311 3312 3313 3314 3315 3316 3317 3318 3319 3320 3321 3322 3323 3324 3325 3326 3327 3328 3329 3330 3331 3332 3333 3334 3335 3336 3337 3338 3339 3340 3341 3241 3141 3041 2941 2841 2741 2641 2541 2441 2341 2241 2141 2041 1941 1841 1840 1839 1739 1738 1637 1537 1636 1736 1835 1834 1833 1733 1832 1831 1731 1630 1530 1430 1330 1329 1429 1530 1629 1729 1728 1727 1826 1825 1824 1823 1822 1821 1721 1620 1520 1419 1320 1219 1119 1019 1020 1019 1018 1118 1117 1116 1215 1214 1314 1313 1412 1512 1611 1711 1810 1910 1909 1808 1708 1607 1507 1407 1307 1207 1107 1006 1005 darkred
border 0133 0232 0332 0432 0533 0632 0732 0733 0633 0534 0535 0635 0636 0737 0738 0638 0539 0438 0339 0238 0139 0138 0137 0136 0135 0134 0133 darkred
border 0930 darkred
border 0223 0323 0422 0421 0522 0622 0723 0822 0723 0724 0624 0625 0526 0527 0627 0727 0627 0527 0427 0426 0326 0325 0324 0223 yellow
border 0921 1021 1121 1221 1222 1223 1224 1225 1226 1227 1128 1129 1130 1129 1028 0928 0927 0926 0925 0924 0923 0922 0921 blue
border 0913 1012 1011 1010 1110 1209 1210 1311 1211 1112 1113 1013 0914 0915 0914 0913 green
border 1322 1421 1522 1523 1524 1525 1526 1626 1627 1628 1529 1528 1427 1327 1326 1325 1324 1323 1322 mediumvioletred
border 2100 2200 2300 2400 2500 2600 2700 2800 2900 3000 3100 3200 3300 3301 3302 3303 3304 3204 3105 3106 3006 2907 2807 2708 2709 2608 2508 2507 2506 2505 2504 2403 2304 2203 2103 2102 2101 2100 red
border 1336 1435 1434 1535 1634 1633 1734 1833 1832 1831 1932 2031 2132 2231 2331 2332 2333 2334 2335 2336 2436 2536 2537 2637 2638 2739 2839 2940 3039 3040 3041 2941 2841 2741 2641 2541 2441 2341 2241 2141 2041 1941 1841 1741 1641 1640 1540 1539 1538 1437 1337 1336 violetred
region 0000 0100 0101 0102 0202 0303 0403 0504 0604 0705 0804 0904 1003 1103 1102 1201 1302 1401 1402 1303 1202 1103 1003 0904 0804 0705 0604 0505 0506 0507 0508 0608 0609 0610 0611 0712 0612 0613 0614 0514 0413 0412 0512 0611 0610 0609 0608 0508 0407 0307 0206 0106 0006 0005 0004 0003 0002 0001 0000 lightblue
region 1005 1105 1204 1305 1405 1505 1604 1704 1803 1802 1903 2002 2102 2201 2302 2402 2502 2601 2701 2801 2902 3001 3102 3201 3302 3303 3304 3305 3306 3307 3308 3309 3310 3311 3312 3313 3314 3315 3316 3317 3318 3319 3320 3321 3322 3323 3324 3325 3326 3327 3328 3329 3330 3331 3332 3333 3334 3335 3336 3337 3338 3339 3340 3341 3241 3141 3041 2941 2841 2741 2641 2541 2441 2341 2241 2141 2041 1941 1841 1840 1839 1739 1738 1637 1537 1636 1736 1835 1834 1833 1733 1832 1831 1731 1630 1530 1430 1330 1329 1429 1530 1629 1729 1728 1727 1826 1825 1824 1823 1822 1821 1721 1620 1520 1419 1320 1219 1119 1019 1020 1019 1018 1118 1117 1116 1215 1214 1314 1313 1412 1512 1611 1711 1810 1910 1909 1808 1708 1607 1507 1407 1307 1207 1107 1006 1005 palevioletred
region 0133 0232 0332 0432 0533 0632 0732 0733 0633 0534 0535 0635 0636 0737 0738 0638 0539 0438 0339 0238 0139 0138 0137 0136 0135 0134 0133 palevioletred
region 0930 palevioletred
region 0223 0323 0422 0421 0522 0622 0723 0822 0723 0724 0624 0625 0526 0527 0627 0727 0627 0527 0427 0426 0326 0325 0324 0223 lightyellow
region 0921 1021 1121 1221 1222 1223 1224 1225 1226 1227 1128 1129 1130 1129 1028 0928 0927 0926 0925 0924 0923 0922 0921 lightskyblue
region 0913 1012 1011 1010 1110 1209 1210 1311 1211 1112 1113 1013 0914 0915 0914 0913 lightgreen
region 1322 1421 1522 1523 1524 1525 1526 1626 1627 1628 1529 1528 1427 1327 1326 1325 1324 1323 1322 lightpink
region 2100 2200 2300 2400 2500 2600 2700 2800 2900 3000 3100 3200 3300 3301 3302 3303 3304 3204 3105 3106 3006 2907 2807 2708 2709 2608 2508 2507 2506 2505 2504 2403 2304 2203 2103 2102 2101 2100 pink
region 1336 1435 1434 1535 1634 1633 1734 1833 1832 1831 1932 2031 2132 2231 2331 2332 2333 2334 2335 2336 2436 2536 2537 2637 2638 2739 2839 2940 3039 3040 3041 2941 2841 2741 2641 2541 2441 2341 2241 2141 2041 1941 1841 1741 1641 1640 1540 1539 1538 1437 1337 1336 thistle
route 0103 0304
route 0223 0325
route 0303 0304
route 0304 0307
route 0304 0705
route 0307 0608
route 0325 0426
route 0325 0624
route 0333 0133
route 0421 0223
route 0426 0527
route 0433 0333
route 0527 0727
route 0534 0433
route 0534 0538
route 0538 0139
route 0608 0610
route 0610 0712
route 0614 0412
route 0624 0724
route 0705 0904
route 0712 0614
route 0732 0534
route 0904 1103
route 0922 0921
route 0930 0732
route 1022 0922
route 1026 0927
route 1103 1402
route 1106 1004
route 1106 1005
route 1106 1006
route 1106 1204
route 1106 1307
route 1116 1118
route 1123 1022
route 1126 1026
route 1223 1123
route 1225 1126
route 1307 1705
route 1324 1223
route 1325 1225
route 1329 0930
route 1413 1116
route 1424 1324
route 1424 1325
route 1523 1522
route 1524 1424
route 1524 1523
route 1525 1524
route 1526 1329
route 1526 1525
route 1705 1904
route 1711 1413
route 1719 1920
route 1737 1537
route 1810 1711
route 1815 1719
route 1824 1526
route 1824 1924
route 1826 2327
route 1903 2202
route 1904 1903
route 1904 2005
route 1910 1810
route 1910 1912
route 1912 1815
route 1920 2319
route 1937 1737
route 2005 2007
route 2007 1910
route 2036 1937
route 2036 1938
route 2036 2138
route 2124 1824
route 2124 2125
route 2125 1826
route 2125 2327
route 2138 2140
route 2228 2231
route 2231 2334
route 2319 2417
route 2319 2418
route 2323 2124
route 2327 2228
route 2334 2336
route 2336 2036
route 2336 2536
route 2417 2716
route 2418 2621
route 2510 2410
route 2536 2537
route 2537 2637
route 2621 2323
route 2637 2739
route 2637 2936
route 2712 2510
route 2716 2814
route 2726 2324
route 2733 2334
route 2733 2536
route 2739 2839
route 2814 2712
route 2814 2913
route 2839 2940
route 2839 3139
route 2913 3010
route 2913 3212
route 2927 2828
route 2927 3025
route 2936 3235
route 3003 3103
route 3010 3110
route 3025 2726
route 3025 3124
route 3029 2927
route 3030 3029
route 3032 2733
route 3032 3030
route 3103 3202
route 3110 3209
route 3235 3032
