a Meizirn
b Avalar
c Katanga
d Marrakesh
e Corell
f Ventura
g Garrone
h Floria
i Lorimer
j Nakris
k Camis
l Yuarla
m Hefrin
n Tribeca
o Kilriani
p Asyoh
route 0405 0104 
route 0405 0704 
route 0405 0303 
route 1609 1307 
route 1307 1403 
route 1403 1401 
route 1401 1102 
route 2905 3006 
route 2905 2604 
route 3006 3207 
route 3006 2908 
route 2908 2609 
route 2908 3110
route 0718 0318 
route 0318 0316 
route 0316 0114 
route 1513 1415 
route 1415 1017 
route 2116 2119 
route 3113 3115 
route 3115 3017 
route 3017 2717 
route 3017 3020
route 0121 0423 
route 0423 0723 
route 2121 1922 
route 1922 1824 
route 2121 2421 
route 2421 2325 
route 3226 3123 
route 3226 3228 
route 3228 2929 
route 2929 2628 
route 3136 2836 
route 2836 2636 
route 3136 3034 
route 3034 3131 
route 3034 2634 
route 2634 2531 
# Alliance: Na
border 0101 0201 0102 0101
# Alliance: Um
border 0103 0202 0302 0301 0401 0501 0601 0602 0703 0704 0804 0705 0605 0606 0507 0406 0306 0205 0105 0104 0103
# Alliance: Na
border 0106 0206 0307 0407 0508 0607 0707 0706 0805 0905 0904 0803 0802 0702 0801 0902 0903 0904 1004 1005 1006 1107 1108 1109 1110 1009 0909 0809 0710 0711 0712 0611 0512 0411 0410 0310 0209 0109 0108 0107 0106
# Alliance: Co
border 0110 0210 0311 0312 0412 0513 0612 0713 0813 0914 1013 1113 1212 1211 1210 1311 1410 1511 1610 1711 1611 1612 1613 1714 1614 1615 1516 1517 1417 1418 1419 1420 1321 1220 1219 1119 1019 1020 0921 0922 1022 1122 1222 1123 1124 1125 1025 0926 0826 0727 0627 0527 0427 0428 0329 0228 0128 0127 0126 0125 0124 0123 0122 0121 0120 0119 0118 0117 0116 0115 0114 0113 0112 0111 0110
# Alliance: Na
border 0129 0229 0330 0429 0529 0528 0628 0728 0827 0927 1026 1126 1225 1224 1223 1323 1423 1424 1325 1326 1327 1328 1228 1128 1028 0929 0829 0830 0731 0732 0832 0833 0934 1033 1134 1234 1334 1433 1533 1532 1431 1430 1429 1529 1628 1728 1828 1929 2029 2129 2128 2027 2026 2127 2227 2327 2426 2526 2525 2524 2623 2622 2522 2621 2620 2619 2519 2418 2417 2416 2415 2315 2314 2313 2212 2211 2210 2110 2009 1910 1810 1811 1812 1813 1713 1712 1811 1810 1910 2009 2008 2007 1907 1806 1706 1705 1804 1905 2005 2105 2204 2304 2403 2402 2502 2501 2601 2701 2801 2901 3001 2902 2903 2803 2703 2603 2503 2403 2304 2305 2306 2406 2407 2408 2409 2410 2411 2512 2612 2613 2714 2715 2615 2616 2617 2618 2719 2819 2820 2821 2922 3021 3022 2923 2823 2724 2725 2625 2626 2527 2528 2428 2429 2329 2229 2230 2231 2332 2432 2433 2334 2234 2235 2236 2137 2037 1938 1939 2039 1940 1840 1740 1640 1540 1440 1340 1240 1140 1040 0940 0840 0740 0640 0540 0440 0340 0240 0140 0139 0138 0237 0338 0437 0537 0536 0635 0634 0633 0533 0432 0333 0233 0133 0132 0131 0130 0129
# Alliance: Hc
border 0134 0234 0334 0433 0534 0535 0435 0436 0337 0236 0137 0136 0135 0134
# Alliance: Co
border 0810 0910 1010 1011 0912 0811 0810
# Alliance: Nc
border 0831 0931 0930 1029 1129 1229 1329 1330 1331 1332 1432 1333 1233 1133 1032 0933 0932 0831
# Alliance: Av
border 1001 1101 1201 1301 1401 1501 1601 1701 1801 1901 2001 1902 1903 1803 1704 1604 1605 1606 1707 1807 1908 1909 1809 1710 1609 1510 1409 1310 1209 1208 1207 1206 1106 1105 1104 1003 1002 1001
# Alliance: Fg
border 1322 1421 1521 1620 1720 1819 1818 1817 1816 1916 1915 1814 1914 1913 1912 1911 2010 2111 2112 2113 2213 2214 2215 2316 2317 2318 2319 2419 2520 2521 2421 2422 2523 2423 2424 2425 2326 2226 2126 2025 1926 1927 1928 1827 1727 1627 1528 1427 1426 1425 1525 1524 1523 1422 1322
# Alliance: Na
border 1518 1617 1616 1716 1715 1815 1716 1717 1718 1719 1619 1520 1519 1518
# Alliance: Ke
border 1904 2003 2002 2102 2101 2201 2301 2401 2302 2303 2203 2104 2004 1904
# Alliance: As
border 2038 2138 2237 2337 2336 2335 2434 2534 2533 2532 2431 2331 2330 2430 2530 2529 2628 2627 2727 2726 2825 2824 2924 3023 3123 3122 3121 3120 3219 3220 3221 3222 3223 3224 3225 3226 3227 3228 3229 3230 3231 3232 3233 3234 3235 3236 3237 3238 3239 3240 3140 3040 2940 2840 2740 2640 2540 2440 2340 2240 2140 2139 2038
# Alliance: Mk
border 2404 2504 2604 2704 2804 2904 3003 3002 3102 3202 3203 3204 3205 3206 3207 3208 3209 3210 3111 3010 2911 2912 2812 2712 2611 2511 2510 2509 2508 2507 2606 2605 2505 2405 2404
# Alliance: Fl
border 2716 2815 2814 2813 2913 3012 3011 3112 3211 3212 3213 3214 3215 3216 3217 3218 3119 3019 3020 2921 2920 2919 2818 2718 2717 2716
