a Issoudun
b Andwella
c Coos                      
d Trelyn                    
e Chapra                    
f Haldensleben              
g Pandemonium               
h Eslyat                    
i Eckmann Schrift           
j Four Corners              
k Diadem                    
l Kajaani                   
m Helix                     
n Hyperion                  
o Old Colonies              
p Jarnac                    
route 1533 1335
route 1533 1734
route 1832 1732
route 1832 1932
route 1636 1634
route 1634 1433
route 0406 0606
route 0406 0708
route 0514 0415
route 0514 0512
route 0514 0613
route 1335 1334
route 1335 1436
route 1335 1634
route 0505 0406
route 0505 0504
route 0505 0504
route 1319 1517
route 1734 1634
route 1734 1634
route 1734 1832
route 1734 1732
route 0414 0215
route 0414 0516
route 1433 1436
route 2504 2503
route 2504 2604
route 2504 2506
route 1308 1205
route 1308 1406
route 2503 2302
route 1505 1307
route 1505 1607
route 1827 1926
route 1827 1929
route 1811 1613
route 0616 0516
route 1205 1204
route 1026 1227
route 1108 1308
route 2340 2238
route 1025 1026
route 1613 1415
route 1613 1811
route 0926 1025
route 0926 0726
route 0908 1108
route 2015 1916
route 2015 1916
route 1416 1615
route 1416 1617
route 2705 2804
route 3025 2826
route 1415 1416
route 1415 1416
route 1415 1517
route 1732 1734
route 0711 0910
route 3112 2913
route 1511 1411
route 0612 0514
route 0907 1106
route 0606 0508
route 1911 2009
route 1922 1821
route 0516 0415
route 0516 0616
route 0516 0514
route 0525 0523
route 2813 2713
route 0502 0602
route 2235 2335
route 1615 1617
route 0419 0220
route 0304 0204
route 0302 0502
route 0511 0512
route 0716 0815
route 2607 2507
route 2717 2617
route 3135 3035
route 3035 3135
route 2711 2811
route 1720 1721
route 2811 2711
route 0204 0203
# Alliance: Zh
border 0101 0201 0301 0401 0501 0601 0602 0703 0603 0604 0605 0706 0707 0807 0908 0909 1009 1010 0910 0810 0811 0712 0713 0813 0914 0915 1015 1016 1017 0918 0919 0819 0820 0721 0621 0521 0421 0322 0323 0324 0223 0123 0122 0121 0120 0119 0118 0117 0116 0115 0114 0113 0212 0211 0210 0209 0309 0308 0307 0206 0106 0105 0104 0103 0102 0101
# Alliance: Na
border 0107 0207 0208 0109 0110 0111 0110 0109 0108 0107
# Alliance: Na
border 0226 0326 0425 0424 0423 0422 0522 0622 0722 0821 0921 1021 1022 0923 0823 0723 0623 0624 0725 0825 0826 0727 0626 0527 0427 0327 0227 0226
# Alliance: Na
border 0535 0634 0735 0835 0836 0737 0637 0537 0536 0535
# Alliance: Na
border 0701 0801 0901 1001 1101 1201 1301 1401 1501 1601 1702 1802 1803 1804 1805 1806 1907 1908 2008 2109 2110 2210 2311 2410 2510 2509 2609 2510 2511 2411 2412 2413 2414 2415 2316 2317 2417 2418 2519 2520 2521 2421 2422 2523 2423 2424 2525 2526 2527 2528 2628 2629 2730 2829 2930 3030 3031 3132 3133 3033 2934 2935 2835 2836 2737 2738 2838 2939 2940 2840 2740 2640 2540 2440 2439 2539 2538 2637 2636 2635 2535 2434 2433 2533 2532 2531 2530 2429 2428 2328 2228 2128 2028 2029 1930 1929 1828 1728 1727 1826 1825 1725 1724 1623 1524 1424 1423 1323 1222 1221 1220 1120 1119 1018 1118 1117 1216 1215 1115 1014 1013 0913 0812 0912 0911 1011 1112 1212 1313 1413 1513 1612 1712 1711 1810 1910 1909 1908 1807 1806 1805 1804 1704 1603 1602 1502 1401 1302 1201 1102 1103 1003 0904 0804 0805 0906 0907 0806 0805 0705 0704 0803 0802 0702 0701
# Alliance: Na
border 0729 0828 0929 0930 1030 1131 1132 1032 0932 0931 0830 0730 0729
# Alliance: Es
border 0905 1004 1104 1203 1202 1303 1402 1503 1504 1604 1705 1706 1707 1708 1808 1809 1710 1610 1611 1512 1412 1312 1211 1111 1110 1109 1008 1108 1107 1006 1005 0905
# Alliance: Tc
border 0925 1024 1023 1123 1223 1324 1325 1225 1126 1026 1027 0927 0926 0925
# Alliance: Ac
border 1033 1133 1232 1231 1230 1130 1229 1329 1428 1528 1628 1729 1829 1830 1931 2030 2031 1932 1933 1833 1834 1735 1736 1737 1738 1638 1539 1538 1437 1337 1236 1235 1135 1035 1034 1033
# Alliance: Na
border 1036 1136 1137 1237 1338 1438 1439 1340 1239 1238 1138 1037 1036
# Alliance: Na
border 1127 1226 1327 1328 1228 1128 1127
# Alliance: Na
border 1639 1739 1839 1840 1740 1640 1639
# Alliance: Td
border 1801 1901 2001 2101 2201 2301 2401 2501 2601 2701 2702 2703 2803 2804 2905 2906 2907 2807 2808 2709 2608 2508 2408 2409 2310 2209 2208 2108 2007 2006 1906 1905 1904 1903 1902 1801
# Alliance: Na
border 1835 1935 1934 2033 2032 2132 2131 2230 2331 2332 2232 2133 2134 2034 2035 2036 1937 1836 1835
# Alliance: As
border 1837 1938 2037 2137 2136 2135 2234 2334 2335 2435 2536 2537 2437 2438 2339 2340 2240 2140 2040 1940 1939 1838 1837
# Alliance: Co
border 2416 2516 2515 2514 2513 2512 2611 2610 2710 2809 2909 3009 3109 3208 3209 3210 3211 3212 3213 3214 3215 3216 3217 3218 3219 3220 3221 3222 3223 3224 3225 3226 3227 3228 3229 3130 3029 2929 2828 2728 2627 2626 2625 2624 2623 2622 2522 2621 2620 2619 2618 2518 2517 2416
# Alliance: Na
border 2801 2901 3001 3101 3201 3202 3203 3204 3205 3206 3107 3108 3008 2908 3007 3006 3005 3004 2904 2903 2802 2801
# Alliance: Hc
border 2936 3035 3034 3134 3233 3234 3235 3236 3237 3238 3239 3240 3140 3039 3038 2938 2937 2936
